{
 "cells": [
  {
   "cell_type": "code",
   "id": "initial_id",
   "metadata": {
    "collapsed": true,
    "ExecuteTime": {
     "end_time": "2025-02-14T17:40:43.381227Z",
     "start_time": "2025-02-14T17:40:43.378619Z"
    }
   },
   "source": [
    "import numpy as np\n",
    "import pandas as pd"
   ],
   "outputs": [],
   "execution_count": 2
  },
  {
   "metadata": {
    "ExecuteTime": {
     "end_time": "2025-02-14T17:40:43.397885Z",
     "start_time": "2025-02-14T17:40:43.395311Z"
    }
   },
   "cell_type": "code",
   "source": [
    "# global variables\n",
    "s_asY = [\"lwage\"]\n",
    "s_asX = [\"exp\", \"wks\", \"bluecol\", \"ind\", \"south\", \"smsa\", \"married\", \"gender\", \"union\", \"edu\", \"colour\"]\n",
    "s_iY = \"lwage\"\n",
    "s_ivX = s_asX"
   ],
   "id": "2af3408e1cbca9eb",
   "outputs": [],
   "execution_count": 3
  },
  {
   "metadata": {
    "ExecuteTime": {
     "end_time": "2025-02-14T17:40:43.415369Z",
     "start_time": "2025-02-14T17:40:43.412397Z"
    }
   },
   "cell_type": "code",
   "source": [
    "def get_data_of_year(mD, iYear):\n",
    "    if 1976 <= iYear <= 1982:\n",
    "        iv = (iYear - 1976) + np.arange(0, 4164, 7)\n",
    "        return mD.iloc[iv,:]\n",
    "    else:\n",
    "        return mD\n",
    "\n",
    "def ols_regression(y, X):\n",
    "    cn, ck = X.shape\n",
    "    # Calculate beta (b) = (X'X)^-1 X'y\n",
    "    mxxinv = np.linalg.inv(X.T @ X)\n",
    "    vb = mxxinv @ (X.T @ y)\n",
    "\n",
    "    ve = y - (X @ vb)\n",
    "    s2 = (ve.T @ ve) / (cn - ck)\n",
    "    vse = np.sqrt(np.diag(mxxinv) * s2)\n",
    "    t_values = vb.T / vse\n",
    "    return vb, mxxinv, vse, t_values"
   ],
   "id": "594f6749dd84e334",
   "outputs": [],
   "execution_count": 4
  },
  {
   "metadata": {
    "ExecuteTime": {
     "end_time": "2025-02-14T17:40:43.429089Z",
     "start_time": "2025-02-14T17:40:43.421436Z"
    }
   },
   "cell_type": "code",
   "source": [
    "file_path = \"data/data_assignment1.csv\"\n",
    "data = pd.read_csv(file_path)\n",
    "print(data)\n",
    "data = data.iloc[:,2:] # as stated in the assignment, don't look at the first 2 rows, see is this goes right"
   ],
   "id": "dfd24ca5e8b05379",
   "outputs": [
    {
     "name": "stdout",
     "output_type": "stream",
     "text": [
      "      Unnamed: 0     X  exp  wks  bluecol  ind  south  smsa  married  gender  \\\n",
      "0              1     1    3   32        0    0      1     0        1       0   \n",
      "1              2     2    4   43        0    0      1     0        1       0   \n",
      "2              3     3    5   40        0    0      1     0        1       0   \n",
      "3              4     4    6   39        0    0      1     0        1       0   \n",
      "4              5     5    7   42        0    1      1     0        1       0   \n",
      "...          ...   ...  ...  ...      ...  ...    ...   ...      ...     ...   \n",
      "4160        4161  4161    3   50        0    0      0     1        0       1   \n",
      "4161        4162  4162    4   49        0    0      0     1        0       1   \n",
      "4162        4163  4163    5   50        0    0      0     1        0       1   \n",
      "4163        4164  4164    6   50        0    0      0     1        0       1   \n",
      "4164        4165  4165    7   50        0    0      0     1        0       1   \n",
      "\n",
      "      union  edu  colour    lwage  \n",
      "0         0    9       0  5.56068  \n",
      "1         0    9       0  5.72031  \n",
      "2         0    9       0  5.99645  \n",
      "3         0    9       0  5.99645  \n",
      "4         0    9       0  6.06146  \n",
      "...     ...  ...     ...      ...  \n",
      "4160      0   12       0  5.95324  \n",
      "4161      0   12       0  6.06379  \n",
      "4162      0   12       0  6.21461  \n",
      "4163      0   12       0  6.29157  \n",
      "4164      0   12       0  6.37161  \n",
      "\n",
      "[4165 rows x 14 columns]\n"
     ]
    }
   ],
   "execution_count": 5
  },
  {
   "metadata": {
    "ExecuteTime": {
     "end_time": "2025-02-14T17:50:21.896423Z",
     "start_time": "2025-02-14T17:50:21.886109Z"
    }
   },
   "cell_type": "code",
   "source": "data\n",
   "id": "3a0f2130e41f43b2",
   "outputs": [
    {
     "data": {
      "text/plain": [
       "      exp  wks  bluecol  ind  south  smsa  married  gender  union  edu  \\\n",
       "0       3   32        0    0      1     0        1       0      0    9   \n",
       "1       4   43        0    0      1     0        1       0      0    9   \n",
       "2       5   40        0    0      1     0        1       0      0    9   \n",
       "3       6   39        0    0      1     0        1       0      0    9   \n",
       "4       7   42        0    1      1     0        1       0      0    9   \n",
       "...   ...  ...      ...  ...    ...   ...      ...     ...    ...  ...   \n",
       "4160    3   50        0    0      0     1        0       1      0   12   \n",
       "4161    4   49        0    0      0     1        0       1      0   12   \n",
       "4162    5   50        0    0      0     1        0       1      0   12   \n",
       "4163    6   50        0    0      0     1        0       1      0   12   \n",
       "4164    7   50        0    0      0     1        0       1      0   12   \n",
       "\n",
       "      colour    lwage  \n",
       "0          0  5.56068  \n",
       "1          0  5.72031  \n",
       "2          0  5.99645  \n",
       "3          0  5.99645  \n",
       "4          0  6.06146  \n",
       "...      ...      ...  \n",
       "4160       0  5.95324  \n",
       "4161       0  6.06379  \n",
       "4162       0  6.21461  \n",
       "4163       0  6.29157  \n",
       "4164       0  6.37161  \n",
       "\n",
       "[4165 rows x 12 columns]"
      ],
      "text/html": [
       "<div>\n",
       "<style scoped>\n",
       "    .dataframe tbody tr th:only-of-type {\n",
       "        vertical-align: middle;\n",
       "    }\n",
       "\n",
       "    .dataframe tbody tr th {\n",
       "        vertical-align: top;\n",
       "    }\n",
       "\n",
       "    .dataframe thead th {\n",
       "        text-align: right;\n",
       "    }\n",
       "</style>\n",
       "<table border=\"1\" class=\"dataframe\">\n",
       "  <thead>\n",
       "    <tr style=\"text-align: right;\">\n",
       "      <th></th>\n",
       "      <th>exp</th>\n",
       "      <th>wks</th>\n",
       "      <th>bluecol</th>\n",
       "      <th>ind</th>\n",
       "      <th>south</th>\n",
       "      <th>smsa</th>\n",
       "      <th>married</th>\n",
       "      <th>gender</th>\n",
       "      <th>union</th>\n",
       "      <th>edu</th>\n",
       "      <th>colour</th>\n",
       "      <th>lwage</th>\n",
       "    </tr>\n",
       "  </thead>\n",
       "  <tbody>\n",
       "    <tr>\n",
       "      <th>0</th>\n",
       "      <td>3</td>\n",
       "      <td>32</td>\n",
       "      <td>0</td>\n",
       "      <td>0</td>\n",
       "      <td>1</td>\n",
       "      <td>0</td>\n",
       "      <td>1</td>\n",
       "      <td>0</td>\n",
       "      <td>0</td>\n",
       "      <td>9</td>\n",
       "      <td>0</td>\n",
       "      <td>5.56068</td>\n",
       "    </tr>\n",
       "    <tr>\n",
       "      <th>1</th>\n",
       "      <td>4</td>\n",
       "      <td>43</td>\n",
       "      <td>0</td>\n",
       "      <td>0</td>\n",
       "      <td>1</td>\n",
       "      <td>0</td>\n",
       "      <td>1</td>\n",
       "      <td>0</td>\n",
       "      <td>0</td>\n",
       "      <td>9</td>\n",
       "      <td>0</td>\n",
       "      <td>5.72031</td>\n",
       "    </tr>\n",
       "    <tr>\n",
       "      <th>2</th>\n",
       "      <td>5</td>\n",
       "      <td>40</td>\n",
       "      <td>0</td>\n",
       "      <td>0</td>\n",
       "      <td>1</td>\n",
       "      <td>0</td>\n",
       "      <td>1</td>\n",
       "      <td>0</td>\n",
       "      <td>0</td>\n",
       "      <td>9</td>\n",
       "      <td>0</td>\n",
       "      <td>5.99645</td>\n",
       "    </tr>\n",
       "    <tr>\n",
       "      <th>3</th>\n",
       "      <td>6</td>\n",
       "      <td>39</td>\n",
       "      <td>0</td>\n",
       "      <td>0</td>\n",
       "      <td>1</td>\n",
       "      <td>0</td>\n",
       "      <td>1</td>\n",
       "      <td>0</td>\n",
       "      <td>0</td>\n",
       "      <td>9</td>\n",
       "      <td>0</td>\n",
       "      <td>5.99645</td>\n",
       "    </tr>\n",
       "    <tr>\n",
       "      <th>4</th>\n",
       "      <td>7</td>\n",
       "      <td>42</td>\n",
       "      <td>0</td>\n",
       "      <td>1</td>\n",
       "      <td>1</td>\n",
       "      <td>0</td>\n",
       "      <td>1</td>\n",
       "      <td>0</td>\n",
       "      <td>0</td>\n",
       "      <td>9</td>\n",
       "      <td>0</td>\n",
       "      <td>6.06146</td>\n",
       "    </tr>\n",
       "    <tr>\n",
       "      <th>...</th>\n",
       "      <td>...</td>\n",
       "      <td>...</td>\n",
       "      <td>...</td>\n",
       "      <td>...</td>\n",
       "      <td>...</td>\n",
       "      <td>...</td>\n",
       "      <td>...</td>\n",
       "      <td>...</td>\n",
       "      <td>...</td>\n",
       "      <td>...</td>\n",
       "      <td>...</td>\n",
       "      <td>...</td>\n",
       "    </tr>\n",
       "    <tr>\n",
       "      <th>4160</th>\n",
       "      <td>3</td>\n",
       "      <td>50</td>\n",
       "      <td>0</td>\n",
       "      <td>0</td>\n",
       "      <td>0</td>\n",
       "      <td>1</td>\n",
       "      <td>0</td>\n",
       "      <td>1</td>\n",
       "      <td>0</td>\n",
       "      <td>12</td>\n",
       "      <td>0</td>\n",
       "      <td>5.95324</td>\n",
       "    </tr>\n",
       "    <tr>\n",
       "      <th>4161</th>\n",
       "      <td>4</td>\n",
       "      <td>49</td>\n",
       "      <td>0</td>\n",
       "      <td>0</td>\n",
       "      <td>0</td>\n",
       "      <td>1</td>\n",
       "      <td>0</td>\n",
       "      <td>1</td>\n",
       "      <td>0</td>\n",
       "      <td>12</td>\n",
       "      <td>0</td>\n",
       "      <td>6.06379</td>\n",
       "    </tr>\n",
       "    <tr>\n",
       "      <th>4162</th>\n",
       "      <td>5</td>\n",
       "      <td>50</td>\n",
       "      <td>0</td>\n",
       "      <td>0</td>\n",
       "      <td>0</td>\n",
       "      <td>1</td>\n",
       "      <td>0</td>\n",
       "      <td>1</td>\n",
       "      <td>0</td>\n",
       "      <td>12</td>\n",
       "      <td>0</td>\n",
       "      <td>6.21461</td>\n",
       "    </tr>\n",
       "    <tr>\n",
       "      <th>4163</th>\n",
       "      <td>6</td>\n",
       "      <td>50</td>\n",
       "      <td>0</td>\n",
       "      <td>0</td>\n",
       "      <td>0</td>\n",
       "      <td>1</td>\n",
       "      <td>0</td>\n",
       "      <td>1</td>\n",
       "      <td>0</td>\n",
       "      <td>12</td>\n",
       "      <td>0</td>\n",
       "      <td>6.29157</td>\n",
       "    </tr>\n",
       "    <tr>\n",
       "      <th>4164</th>\n",
       "      <td>7</td>\n",
       "      <td>50</td>\n",
       "      <td>0</td>\n",
       "      <td>0</td>\n",
       "      <td>0</td>\n",
       "      <td>1</td>\n",
       "      <td>0</td>\n",
       "      <td>1</td>\n",
       "      <td>0</td>\n",
       "      <td>12</td>\n",
       "      <td>0</td>\n",
       "      <td>6.37161</td>\n",
       "    </tr>\n",
       "  </tbody>\n",
       "</table>\n",
       "<p>4165 rows × 12 columns</p>\n",
       "</div>"
      ]
     },
     "execution_count": 8,
     "metadata": {},
     "output_type": "execute_result"
    }
   ],
   "execution_count": 8
  },
  {
   "metadata": {
    "ExecuteTime": {
     "end_time": "2025-02-14T18:02:08.760405Z",
     "start_time": "2025-02-14T18:02:08.708161Z"
    }
   },
   "cell_type": "code",
   "source": [
    "year_data_test = get_data_of_year(data, 1976)\n",
    "y = year_data_test[s_asY].to_numpy()\n",
    "X = np.column_stack((np.ones(len(y)), year_data_test[s_asX].to_numpy()))  # Add constant for intercept\n",
    "beta, inv_XtX, vse, t_values = ols_regression(y, X)\n",
    "\n",
    "results = []\n",
    "for year in range(1976, 1983):\n",
    "    year_data = get_data_of_year(data, year)\n",
    "    y = year_data[s_asY].to_numpy()\n",
    "    X = np.column_stack((np.ones(len(y)), year_data[s_asX].to_numpy()))  # Add constant for intercept\n",
    "\n",
    "    beta, inv_XtX, vse, t_values = ols_regression(y, X)\n",
    "    print(\"Year\", year, \"\\n beta\", beta, \"\\n inverted xtx\", inv_XtX, \"\\n vse\", vse, \"\\n tvalues\", t_values)\n",
    "    results.append((beta, t_values,vse))"
   ],
   "id": "22fd51a4fdc729d9",
   "outputs": [
    {
     "name": "stdout",
     "output_type": "stream",
     "text": [
      "Year 1976 \n",
      " beta [[ 5.20344998]\n",
      " [ 0.0098523 ]\n",
      " [ 0.00587119]\n",
      " [-0.12629772]\n",
      " [ 0.01995935]\n",
      " [-0.05584959]\n",
      " [ 0.18069598]\n",
      " [ 0.0943617 ]\n",
      " [-0.29038273]\n",
      " [ 0.12092874]\n",
      " [ 0.04753798]\n",
      " [-0.13845919]] \n",
      " inverted xtx [[ 2.28109454e-01 -3.78050027e-04 -2.13769722e-03 -2.22558416e-02\n",
      "  -3.19374242e-03 -5.93550156e-03 -2.23957102e-03 -2.27395490e-02\n",
      "  -3.21087473e-02 -8.10619187e-03 -6.18232580e-03 -4.17128412e-03]\n",
      " [-3.78050027e-04  1.63326987e-05 -9.71812992e-07  4.44204779e-05\n",
      "  -3.67032348e-05  2.85233703e-05 -3.56474276e-05 -9.16452659e-05\n",
      "  -2.50956922e-05 -2.23100801e-06  1.83586468e-05 -3.70363792e-05]\n",
      " [-2.13769722e-03 -9.71812992e-07  4.48341735e-05  2.09682340e-05\n",
      "  -2.64128644e-05 -2.53838715e-05 -2.06520110e-05 -6.10761844e-06\n",
      "   9.32528102e-05  8.85478680e-05  4.74119516e-06  1.60870174e-05]\n",
      " [-2.22558416e-02  4.44204779e-05  2.09682340e-05  1.18464101e-02\n",
      "  -6.90374612e-04  3.61965293e-05  1.07401019e-03  2.28696625e-04\n",
      "   1.55474362e-03 -2.49991769e-03  1.12732254e-03 -9.09417814e-04]\n",
      " [-3.19374242e-03 -3.67032348e-05 -2.64128644e-05 -6.90374612e-04\n",
      "   7.97396578e-03  6.17736744e-04  2.36501076e-04 -7.38339330e-04\n",
      "   9.96984901e-04 -4.38671454e-04  1.98637282e-04  5.53894434e-04]\n",
      " [-5.93550156e-03  2.85233703e-05 -2.53838715e-05  3.61965293e-05\n",
      "   6.17736744e-04  8.93195558e-03  1.03319484e-03 -4.16121328e-04\n",
      "  -1.90926947e-04  1.50382527e-03  2.36663399e-04 -2.00684465e-03]\n",
      " [-2.23957102e-03 -3.56474276e-05 -2.06520110e-05  1.07401019e-03\n",
      "   2.36501076e-04  1.03319484e-03  8.50705034e-03  1.20231367e-03\n",
      "  -5.48794929e-05 -1.05261839e-03 -2.53379748e-04 -1.79287058e-03]\n",
      " [-2.27395490e-02 -9.16452659e-05 -6.10761844e-06  2.28696625e-04\n",
      "  -7.38339330e-04 -4.16121328e-04  1.20231367e-03  2.67364044e-02\n",
      "   2.27820618e-02 -4.97029937e-04 -4.00702949e-05  2.41148435e-03]\n",
      " [-3.21087473e-02 -2.50956922e-05  9.32528102e-05  1.55474362e-03\n",
      "   9.96984901e-04 -1.90926947e-04 -5.48794929e-05  2.27820618e-02\n",
      "   3.84555962e-02  1.13715467e-03  2.93750426e-04 -2.40662767e-03]\n",
      " [-8.10619187e-03 -2.23100801e-06  8.85478680e-05 -2.49991769e-03\n",
      "  -4.38671454e-04  1.50382527e-03 -1.05261839e-03 -4.97029937e-04\n",
      "   1.13715467e-03  9.22566860e-03  2.16257642e-04 -6.42054189e-04]\n",
      " [-6.18232580e-03  1.83586468e-05  4.74119516e-06  1.12732254e-03\n",
      "   1.98637282e-04  2.36663399e-04 -2.53379748e-04 -4.00702949e-05\n",
      "   2.93750426e-04  2.16257642e-04  3.88460252e-04  2.01693135e-04]\n",
      " [-4.17128412e-03 -3.70363792e-05  1.60870174e-05 -9.09417814e-04\n",
      "   5.53894434e-04 -2.00684465e-03 -1.79287058e-03  2.41148435e-03\n",
      "  -2.40662767e-03 -6.42054189e-04  2.01693135e-04  2.77887086e-02]] \n",
      " vse [[0.13386525 0.00113273 0.00187673 0.0305063  0.02502842 0.02648924\n",
      "  0.0258515  0.04582977 0.0549637  0.02692124 0.0055242  0.04672296]] \n",
      " tvalues [[38.8708057   8.6978598   3.12842311 -4.14005339  0.79746745 -2.10838794\n",
      "   6.98976847  2.05896064 -5.28317281  4.49194466  8.60540275 -2.96340775]]\n",
      "Year 1977 \n",
      " beta [[ 5.61063614e+00]\n",
      " [ 7.50482375e-03]\n",
      " [ 6.79856528e-04]\n",
      " [-1.05052687e-01]\n",
      " [ 1.75763728e-02]\n",
      " [-5.90748669e-02]\n",
      " [ 1.56086157e-01]\n",
      " [ 7.05806968e-02]\n",
      " [-3.45560902e-01]\n",
      " [ 1.08928514e-01]\n",
      " [ 4.69089477e-02]\n",
      " [-1.36484283e-01]] \n",
      " inverted xtx [[ 2.76947309e-01 -4.56519200e-04 -3.22712250e-03 -1.79755428e-02\n",
      "  -2.88740979e-03 -4.91068725e-03 -5.86990431e-04 -2.31263831e-02\n",
      "  -3.33417617e-02 -1.10438747e-02 -5.92915489e-03 -4.71309472e-03]\n",
      " [-4.56519200e-04  1.62362999e-05  6.61350525e-07  2.54086282e-05\n",
      "  -3.40515329e-05  2.92660162e-05 -4.03800244e-05 -9.01769314e-05\n",
      "  -2.02737536e-05  1.98653878e-05  1.75856664e-05 -3.32696785e-05]\n",
      " [-3.22712250e-03  6.61350525e-07  6.84601798e-05 -7.89174377e-05\n",
      "  -3.25280539e-05 -4.92245915e-05 -6.14241504e-05  3.90686722e-05\n",
      "   1.54873604e-04  1.66403772e-04 -3.84213297e-07  4.75917364e-05]\n",
      " [-1.79755428e-02  2.54086282e-05 -7.89174377e-05  1.19248163e-02\n",
      "  -5.56912004e-04  1.29846208e-04  1.36062650e-03  6.92670510e-04\n",
      "   1.70157820e-03 -2.68531379e-03  1.13190662e-03 -9.33565574e-04]\n",
      " [-2.88740979e-03 -3.40515329e-05 -3.25280539e-05 -5.56912004e-04\n",
      "   7.88614189e-03  5.69893850e-04  1.13409184e-04 -8.79517283e-04\n",
      "   1.12487968e-03 -3.82670888e-04  2.02635465e-04  5.75804418e-04]\n",
      " [-4.91068725e-03  2.92660162e-05 -4.92245915e-05  1.29846208e-04\n",
      "   5.69893850e-04  8.96838014e-03  8.94830431e-04 -5.30884924e-04\n",
      "  -2.75482754e-04  1.60762121e-03  2.52268501e-04 -2.03204429e-03]\n",
      " [-5.86990431e-04 -4.03800244e-05 -6.14241504e-05  1.36062650e-03\n",
      "   1.13409184e-04  8.94830431e-04  8.63367918e-03  1.27821253e-03\n",
      "  -3.76104127e-05 -1.32735673e-03 -2.36079448e-04 -1.77275613e-03]\n",
      " [-2.31263831e-02 -9.01769314e-05  3.90686722e-05  6.92670510e-04\n",
      "  -8.79517283e-04 -5.30884924e-04  1.27821253e-03  2.52264164e-02\n",
      "   2.13916291e-02 -1.29086729e-03 -4.11115449e-05  1.57128413e-03]\n",
      " [-3.33417617e-02 -2.02737536e-05  1.54873604e-04  1.70157820e-03\n",
      "   1.12487968e-03 -2.75482754e-04 -3.76104127e-05  2.13916291e-02\n",
      "   3.72502142e-02  5.50471280e-04  2.74048973e-04 -3.10510201e-03]\n",
      " [-1.10438747e-02  1.98653878e-05  1.66403772e-04 -2.68531379e-03\n",
      "  -3.82670888e-04  1.60762121e-03 -1.32735673e-03 -1.29086729e-03\n",
      "   5.50471280e-04  9.57207001e-03  1.98825423e-04 -7.88740558e-04]\n",
      " [-5.92915489e-03  1.75856664e-05 -3.84213297e-07  1.13190662e-03\n",
      "   2.02635465e-04  2.52268501e-04 -2.36079448e-04 -4.11115449e-05\n",
      "   2.74048973e-04  1.98825423e-04  3.86606389e-04  1.89879847e-04]\n",
      " [-4.71309472e-03 -3.32696785e-05  4.75917364e-05 -9.33565574e-04\n",
      "   5.75804418e-04 -2.03204429e-03 -1.77275613e-03  1.57128413e-03\n",
      "  -3.10510201e-03 -7.88740558e-04  1.89879847e-04  2.76932326e-02]] \n",
      " vse [[0.13802042 0.00105679 0.00217002 0.02863984 0.02329041 0.02483715\n",
      "  0.02436928 0.04165552 0.05061849 0.02565947 0.00515679 0.04364471]] \n",
      " tvalues [[40.65076931  7.10153454  0.31329502 -3.66806105  0.75466151 -2.37848812\n",
      "   6.40503746  1.69439008 -6.82677282  4.24515826  9.09654381 -3.12716686]]\n",
      "Year 1978 \n",
      " beta [[ 5.70721944e+00]\n",
      " [ 7.90288958e-03]\n",
      " [ 2.17550284e-04]\n",
      " [-1.61565422e-01]\n",
      " [ 4.42221053e-02]\n",
      " [-5.29721053e-02]\n",
      " [ 1.50108606e-01]\n",
      " [ 6.88517727e-02]\n",
      " [-4.24977901e-01]\n",
      " [ 6.31049502e-02]\n",
      " [ 5.40451673e-02]\n",
      " [-1.55720977e-01]] \n",
      " inverted xtx [[ 3.09425977e-01 -5.49139429e-04 -3.82563079e-03 -2.23924013e-02\n",
      "  -2.04620850e-03 -5.68606078e-03 -6.55639164e-04 -1.83401239e-02\n",
      "  -3.06490242e-02 -1.14410476e-02 -6.26619455e-03  3.02729082e-03]\n",
      " [-5.49139429e-04  1.63808231e-05  2.17466578e-06  3.30899558e-05\n",
      "  -4.21622064e-05  2.39336914e-05 -4.04549287e-05 -9.11199451e-05\n",
      "  -1.78118130e-05  2.25042390e-05  1.77149176e-05 -3.97169501e-05]\n",
      " [-3.82563079e-03  2.17466578e-06  8.00248886e-05 -2.40841735e-07\n",
      "  -6.04352851e-05 -2.39510798e-05 -5.74843465e-05 -3.52201889e-05\n",
      "   1.29097357e-04  1.87450634e-04  3.22952537e-06 -1.16015374e-04]\n",
      " [-2.23924013e-02  3.30899558e-05 -2.40841735e-07  1.23077245e-02\n",
      "  -7.97844360e-04 -3.28513335e-04  1.29392361e-03  8.98461629e-04\n",
      "   1.90202696e-03 -2.90511732e-03  1.17716254e-03 -1.04909810e-03]\n",
      " [-2.04620850e-03 -4.21622064e-05 -6.04352851e-05 -7.97844360e-04\n",
      "   8.10161031e-03  7.20633890e-04  5.65077266e-05 -5.09441701e-04\n",
      "   1.38643376e-03 -4.13272078e-04  2.32428390e-04  7.77403105e-04]\n",
      " [-5.68606078e-03  2.39336914e-05 -2.39510798e-05 -3.28513335e-04\n",
      "   7.20633890e-04  9.16635721e-03  8.13513745e-04 -6.49107114e-04\n",
      "  -4.64475563e-04  1.84546402e-03  2.44311070e-04 -2.00053485e-03]\n",
      " [-6.55639164e-04 -4.04549287e-05 -5.74843465e-05  1.29392361e-03\n",
      "   5.65077266e-05  8.13513745e-04  8.34911550e-03  1.04905426e-03\n",
      "  -3.61722063e-04 -1.29344634e-03 -1.91860934e-04 -1.67517952e-03]\n",
      " [-1.83401239e-02 -9.11199451e-05 -3.52201889e-05  8.98461629e-04\n",
      "  -5.09441701e-04 -6.49107114e-04  1.04905426e-03  2.33377507e-02\n",
      "   1.95279899e-02 -1.31490978e-03  1.12856049e-05  2.03691699e-03]\n",
      " [-3.06490242e-02 -1.78118130e-05  1.29097357e-04  1.90202696e-03\n",
      "   1.38643376e-03 -4.64475563e-04 -3.61722063e-04  1.95279899e-02\n",
      "   3.54645136e-02  3.34013419e-04  3.09673635e-04 -2.95295678e-03]\n",
      " [-1.14410476e-02  2.25042390e-05  1.87450634e-04 -2.90511732e-03\n",
      "  -4.13272078e-04  1.84546402e-03 -1.29344634e-03 -1.31490978e-03\n",
      "   3.34013419e-04  9.47607020e-03  1.40350813e-04 -1.09991370e-03]\n",
      " [-6.26619455e-03  1.77149176e-05  3.22952537e-06  1.17716254e-03\n",
      "   2.32428390e-04  2.44311070e-04 -1.91860934e-04  1.12856049e-05\n",
      "   3.09673635e-04  1.40350813e-04  3.90778795e-04  1.67126239e-04]\n",
      " [ 3.02729082e-03 -3.97169501e-05 -1.16015374e-04 -1.04909810e-03\n",
      "   7.77403105e-04 -2.00053485e-03 -1.67517952e-03  2.03691699e-03\n",
      "  -2.95295678e-03 -1.09991370e-03  1.67126239e-04  2.79662087e-02]] \n",
      " vse [[0.18913659 0.00137615 0.00304165 0.03772125 0.03060433 0.03255334\n",
      "  0.03106829 0.05194296 0.06403157 0.03309873 0.00672145 0.05686093]] \n",
      " tvalues [[30.17512031  5.7427628   0.07152369 -4.2831409   1.44496246 -1.62724022\n",
      "   4.83156895  1.32552662 -6.63700535  1.9065672   8.04070622 -2.73862865]]\n",
      "Year 1979 \n",
      " beta [[ 5.24186173]\n",
      " [ 0.00679527]\n",
      " [ 0.01018879]\n",
      " [-0.14256885]\n",
      " [ 0.06400644]\n",
      " [-0.06480277]\n",
      " [ 0.14407343]\n",
      " [ 0.09096615]\n",
      " [-0.37978533]\n",
      " [ 0.06114777]\n",
      " [ 0.05991932]\n",
      " [-0.1755801 ]] \n",
      " inverted xtx [[ 3.21314124e-01 -5.88990762e-04 -4.21237171e-03 -1.69188543e-02\n",
      "  -1.30353503e-03 -8.13088273e-03 -1.20334776e-03 -1.34826288e-02\n",
      "  -1.99225853e-02 -1.09692208e-02 -6.18573876e-03 -3.19468340e-03]\n",
      " [-5.88990762e-04  1.64438450e-05  2.79665093e-06  2.83123282e-05\n",
      "  -4.00053801e-05  2.96029646e-05 -4.09851906e-05 -1.01801297e-04\n",
      "  -2.84191342e-05  1.98491969e-05  1.79706765e-05 -3.63855285e-05]\n",
      " [-4.21237171e-03  2.79665093e-06  8.84063246e-05 -7.58813487e-05\n",
      "  -7.51880079e-05  1.87806585e-05 -4.97707885e-05 -6.91822075e-05\n",
      "  -2.69827317e-05  1.58447394e-04  6.09307071e-06  1.24798309e-05]\n",
      " [-1.69188543e-02  2.83123282e-05 -7.58813487e-05  1.24905799e-02\n",
      "  -9.27845792e-04 -1.12598986e-04  1.69491933e-03 -1.02398942e-04\n",
      "   6.91557496e-04 -3.35417529e-03  1.11206611e-03 -1.31241155e-03]\n",
      " [-1.30353503e-03 -4.00053801e-05 -7.51880079e-05 -9.27845792e-04\n",
      "   8.16679004e-03  5.62609628e-04  2.41964144e-04 -4.18254669e-04\n",
      "   1.35602826e-03 -2.79745548e-04  2.24440651e-04  4.26821225e-04]\n",
      " [-8.13088273e-03  2.96029646e-05  1.87806585e-05 -1.12598986e-04\n",
      "   5.62609628e-04  9.01779762e-03  8.16857674e-04 -8.13923399e-04\n",
      "  -6.30509453e-04  1.83685726e-03  2.75020838e-04 -1.97984478e-03]\n",
      " [-1.20334776e-03 -4.09851906e-05 -4.97707885e-05  1.69491933e-03\n",
      "   2.41964144e-04  8.16857674e-04  8.40711405e-03  6.49670917e-04\n",
      "  -7.20436581e-04 -1.26634322e-03 -1.63462307e-04 -2.05160865e-03]\n",
      " [-1.34826288e-02 -1.01801297e-04 -6.91822075e-05 -1.02398942e-04\n",
      "  -4.18254669e-04 -8.13923399e-04  6.49670917e-04  2.34129869e-02\n",
      "   1.94480764e-02 -1.10586202e-03 -1.69526209e-04  2.65997086e-03]\n",
      " [-1.99225853e-02 -2.84191342e-05 -2.69827317e-05  6.91557496e-04\n",
      "   1.35602826e-03 -6.30509453e-04 -7.20436581e-04  1.94480764e-02\n",
      "   3.49639600e-02  5.51586962e-04  1.37197031e-04 -2.16969598e-03]\n",
      " [-1.09692208e-02  1.98491969e-05  1.58447394e-04 -3.35417529e-03\n",
      "  -2.79745548e-04  1.83685726e-03 -1.26634322e-03 -1.10586202e-03\n",
      "   5.51586962e-04  9.58945530e-03  1.92768112e-04 -4.63751106e-04]\n",
      " [-6.18573876e-03  1.79706765e-05  6.09307071e-06  1.11206611e-03\n",
      "   2.24440651e-04  2.75020838e-04 -1.63462307e-04 -1.69526209e-04\n",
      "   1.37197031e-04  1.92768112e-04  3.86038488e-04  1.53351773e-04]\n",
      " [-3.19468340e-03 -3.63855285e-05  1.24798309e-05 -1.31241155e-03\n",
      "   4.26821225e-04 -1.97984478e-03 -2.05160865e-03  2.65997086e-03\n",
      "  -2.16969598e-03 -4.63751106e-04  1.53351773e-04  2.79369395e-02]] \n",
      " vse [[0.18696074 0.00133748 0.00310118 0.03686182 0.02980652 0.03132101\n",
      "  0.03024189 0.05046775 0.0616731  0.03229851 0.00648039 0.05512834]] \n",
      " tvalues [[28.03723277  5.08065635  3.28545561 -3.86765587  2.14739762 -2.0689874\n",
      "   4.76403475  1.80246108 -6.15803808  1.89320724  9.24625868 -3.18493345]]\n",
      "Year 1980 \n",
      " beta [[ 5.5608733 ]\n",
      " [ 0.00612738]\n",
      " [ 0.00593311]\n",
      " [-0.16685792]\n",
      " [ 0.0871389 ]\n",
      " [-0.05445144]\n",
      " [ 0.16266293]\n",
      " [ 0.09577433]\n",
      " [-0.36527909]\n",
      " [ 0.07995078]\n",
      " [ 0.05608387]\n",
      " [-0.15395219]] \n",
      " inverted xtx [[ 3.04471020e-01 -5.95425417e-04 -3.67361468e-03 -2.23052395e-02\n",
      "  -3.71624062e-03 -6.53813407e-03 -3.37359794e-03 -1.18739220e-02\n",
      "  -2.34390509e-02 -7.75498600e-03 -6.66392345e-03 -6.94354225e-03]\n",
      " [-5.95425417e-04  1.62895395e-05  2.67087702e-06  2.29137377e-05\n",
      "  -3.09616399e-05  2.64846331e-05 -3.45720707e-05 -9.95916275e-05\n",
      "  -2.32633527e-05  2.01489051e-05  1.75432903e-05 -3.68649147e-05]\n",
      " [-3.67361468e-03  2.67087702e-06  7.36699782e-05  2.73472600e-05\n",
      "  -2.84106539e-05 -2.30971692e-05 -1.71522528e-05 -8.05727230e-05\n",
      "   5.81361058e-05  9.84005076e-05  1.49363758e-05  7.07994220e-05]\n",
      " [-2.23052395e-02  2.29137377e-05  2.73472600e-05  1.27528888e-02\n",
      "  -7.53638804e-04  1.05138756e-05  1.71157633e-03 -1.24208520e-03\n",
      "   2.33215160e-04 -3.13023481e-03  1.21405013e-03 -7.86787935e-04]\n",
      " [-3.71624062e-03 -3.09616399e-05 -2.84106539e-05 -7.53638804e-04\n",
      "   7.83905758e-03  7.04719938e-04  2.34532782e-04 -3.78574620e-04\n",
      "   1.16721923e-03 -6.58092883e-05  2.15964429e-04  3.74684078e-04]\n",
      " [-6.53813407e-03  2.64846331e-05 -2.30971692e-05  1.05138756e-05\n",
      "   7.04719938e-04  8.99981463e-03  1.01846073e-03 -1.86646009e-04\n",
      "  -2.11471640e-04  1.56745080e-03  2.53979804e-04 -2.07082024e-03]\n",
      " [-3.37359794e-03 -3.45720707e-05 -1.71522528e-05  1.71157633e-03\n",
      "   2.34532782e-04  1.01846073e-03  8.39821676e-03  6.15887611e-05\n",
      "  -8.34522224e-04 -7.16795415e-04 -1.11038580e-04 -2.03872183e-03]\n",
      " [-1.18739220e-02 -9.95916275e-05 -8.05727230e-05 -1.24208520e-03\n",
      "  -3.78574620e-04 -1.86646009e-04  6.15887611e-05  2.40183178e-02\n",
      "   1.97914839e-02 -7.81126427e-04 -2.50118418e-04  3.38465766e-03]\n",
      " [-2.34390509e-02 -2.32633527e-05  5.81361058e-05  2.33215160e-04\n",
      "   1.16721923e-03 -2.11471640e-04 -8.34522224e-04  1.97914839e-02\n",
      "   3.51165563e-02  5.19662126e-04  8.53830801e-05 -1.55807973e-03]\n",
      " [-7.75498600e-03  2.01489051e-05  9.84005076e-05 -3.13023481e-03\n",
      "  -6.58092883e-05  1.56745080e-03 -7.16795415e-04 -7.81126427e-04\n",
      "   5.19662126e-04  9.15549164e-03  1.25095221e-04 -1.07281311e-03]\n",
      " [-6.66392345e-03  1.75432903e-05  1.49363758e-05  1.21405013e-03\n",
      "   2.15964429e-04  2.53979804e-04 -1.11038580e-04 -2.50118418e-04\n",
      "   8.53830801e-05  1.25095221e-04  3.92812294e-04  1.82835219e-04]\n",
      " [-6.94354225e-03 -3.68649147e-05  7.07994220e-05 -7.86787935e-04\n",
      "   3.74684078e-04 -2.07082024e-03 -2.03872183e-03  3.38465766e-03\n",
      "  -1.55807973e-03 -1.07281311e-03  1.82835219e-04  2.82213893e-02]] \n",
      " vse [[0.17116468 0.00125197 0.00266248 0.03503043 0.02746459 0.02942781\n",
      "  0.02842724 0.04807424 0.05812957 0.02968124 0.006148   0.05211111]] \n",
      " tvalues [[32.48843978  4.89417064  2.22841384 -4.76322802  3.17277296 -1.85033952\n",
      "   5.72207961  1.99221707 -6.28387726  2.69364717  9.12229878 -2.95430623]]\n",
      "Year 1981 \n",
      " beta [[ 5.57208659e+00]\n",
      " [ 5.74868245e-03]\n",
      " [ 5.12802492e-03]\n",
      " [-1.30950870e-01]\n",
      " [ 9.07055659e-02]\n",
      " [-5.52387102e-02]\n",
      " [ 1.74065957e-01]\n",
      " [ 1.51474482e-01]\n",
      " [-2.64007048e-01]\n",
      " [ 9.73747311e-02]\n",
      " [ 5.78571565e-02]\n",
      " [-1.66947536e-01]] \n",
      " inverted xtx [[ 3.06553381e-01 -6.66973400e-04 -3.60367788e-03 -1.80072297e-02\n",
      "  -4.13898168e-03 -1.03384685e-02  3.61075541e-04 -2.07501787e-02\n",
      "  -3.12063485e-02 -1.27706124e-02 -6.46658672e-03 -5.30568898e-03]\n",
      " [-6.66973400e-04  1.63989073e-05  3.50043568e-06  3.13608027e-05\n",
      "  -2.85858886e-05  2.66516277e-05 -3.71448051e-05 -1.00990904e-04\n",
      "  -2.49626893e-05  1.76567526e-05  1.85507040e-05 -3.68845335e-05]\n",
      " [-3.60367788e-03  3.50043568e-06  7.29877056e-05 -7.81335281e-05\n",
      "  -1.75949414e-05  4.67344122e-05 -6.92508705e-05  3.07911796e-05\n",
      "   1.54166714e-04  1.86736485e-04  6.38313751e-06  1.70005986e-05]\n",
      " [-1.80072297e-02  3.13608027e-05 -7.81335281e-05  1.26242484e-02\n",
      "  -6.48767234e-04 -2.99361692e-05  1.16773775e-03 -5.84183748e-04\n",
      "   2.67603769e-04 -3.16808665e-03  1.23188517e-03 -6.71275257e-04]\n",
      " [-4.13898168e-03 -2.85858886e-05 -1.75949414e-05 -6.48767234e-04\n",
      "   7.97068021e-03  8.80844338e-04  3.17782215e-04 -4.34276921e-04\n",
      "   1.28413335e-03 -4.04689101e-04  2.08822438e-04  4.17067647e-04]\n",
      " [-1.03384685e-02  2.66516277e-05  4.67344122e-05 -2.99361692e-05\n",
      "   8.80844338e-04  9.12981914e-03  1.01966006e-03  1.85206202e-05\n",
      "   1.50736206e-05  1.86826568e-03  2.63928059e-04 -1.90201879e-03]\n",
      " [ 3.61075541e-04 -3.71448051e-05 -6.92508705e-05  1.16773775e-03\n",
      "   3.17782215e-04  1.01966006e-03  8.20192655e-03  1.12077390e-04\n",
      "  -1.09141162e-03 -7.37765585e-04 -1.68001845e-04 -2.08119841e-03]\n",
      " [-2.07501787e-02 -1.00990904e-04  3.07911796e-05 -5.84183748e-04\n",
      "  -4.34276921e-04  1.85206202e-05  1.12077390e-04  2.58586914e-02\n",
      "   2.22158303e-02 -3.02400314e-04 -1.45385808e-04  3.52878925e-03]\n",
      " [-3.12063485e-02 -2.49626893e-05  1.54166714e-04  2.67603769e-04\n",
      "   1.28413335e-03  1.50736206e-05 -1.09141162e-03  2.22158303e-02\n",
      "   3.79949254e-02  1.22590426e-03  1.42927372e-04 -1.24257236e-03]\n",
      " [-1.27706124e-02  1.76567526e-05  1.86736485e-04 -3.16808665e-03\n",
      "  -4.04689101e-04  1.86826568e-03 -7.37765585e-04 -3.02400314e-04\n",
      "   1.22590426e-03  9.61603881e-03  1.55025453e-04 -5.54078357e-04]\n",
      " [-6.46658672e-03  1.85507040e-05  6.38313751e-06  1.23188517e-03\n",
      "   2.08822438e-04  2.63928059e-04 -1.68001845e-04 -1.45385808e-04\n",
      "   1.42927372e-04  1.55025453e-04  3.99333723e-04  2.19185295e-04]\n",
      " [-5.30568898e-03 -3.68845335e-05  1.70005986e-05 -6.71275257e-04\n",
      "   4.17067647e-04 -1.90201879e-03 -2.08119841e-03  3.52878925e-03\n",
      "  -1.24257236e-03 -5.54078357e-04  2.19185295e-04  2.80435331e-02]] \n",
      " vse [[0.17613497 0.00128825 0.0027178  0.03574335 0.02840143 0.0303965\n",
      "  0.02881048 0.05115591 0.06200909 0.03119541 0.00635712 0.05327321]] \n",
      " tvalues [[31.63532217  4.46239823  1.88682982 -3.66364247  3.19369696 -1.81727186\n",
      "   6.04175855  2.96103585 -4.25755417  3.12144458  9.10115587 -3.1337988 ]]\n",
      "Year 1982 \n",
      " beta [[ 5.84950730e+00]\n",
      " [ 4.89470507e-03]\n",
      " [ 2.88280185e-03]\n",
      " [-1.64794053e-01]\n",
      " [ 9.03021931e-02]\n",
      " [-5.77006868e-02]\n",
      " [ 1.62151321e-01]\n",
      " [ 1.04430575e-01]\n",
      " [-3.18212328e-01]\n",
      " [ 1.11975958e-01]\n",
      " [ 5.76609100e-02]\n",
      " [-1.91103594e-01]] \n",
      " inverted xtx [[ 2.97782830e-01 -7.32475567e-04 -3.37275922e-03 -2.15159157e-02\n",
      "  -5.21719502e-03 -1.07441415e-02 -5.18330499e-04 -1.33606254e-02\n",
      "  -2.45155092e-02 -1.12958511e-02 -6.85002901e-03 -5.91074925e-03]\n",
      " [-7.32475567e-04  1.64779203e-05  4.42733683e-06  2.81957521e-05\n",
      "  -3.41046348e-05  2.73041046e-05 -3.75849982e-05 -9.00035519e-05\n",
      "  -1.47787539e-05  1.86434079e-05  1.83179021e-05 -3.14186859e-05]\n",
      " [-3.37275922e-03  4.42733683e-06  6.74658257e-05 -3.55562091e-05\n",
      "   1.23317260e-05  5.07559445e-05 -4.83629744e-05 -6.30362036e-05\n",
      "   8.41485813e-05  1.68214466e-04  1.11880419e-05  4.16768020e-05]\n",
      " [-2.15159157e-02  2.81957521e-05 -3.55562091e-05  1.28451084e-02\n",
      "  -9.99806680e-04  3.04755646e-04  1.20196002e-03  2.22781889e-04\n",
      "   4.34803603e-04 -3.00485008e-03  1.27699527e-03 -6.63736872e-04]\n",
      " [-5.21719502e-03 -3.41046348e-05  1.23317260e-05 -9.99806680e-04\n",
      "   8.00431230e-03  8.05672021e-04 -1.14758732e-04 -4.36183695e-04\n",
      "   1.40139806e-03 -2.83820944e-04  2.17161567e-04  5.54590347e-04]\n",
      " [-1.07441415e-02  2.73041046e-05  5.07559445e-05  3.04755646e-04\n",
      "   8.05672021e-04  9.01200514e-03  1.10228296e-03 -7.38217805e-05\n",
      "  -2.80331016e-05  1.60699400e-03  2.76078417e-04 -1.87888818e-03]\n",
      " [-5.18330499e-04 -3.75849982e-05 -4.83629744e-05  1.20196002e-03\n",
      "  -1.14758732e-04  1.10228296e-03  8.22880892e-03  6.66563314e-04\n",
      "  -7.94014488e-04 -7.98369658e-04 -1.98643310e-04 -2.13397549e-03]\n",
      " [-1.33606254e-02 -9.00035519e-05 -6.30362036e-05  2.22781889e-04\n",
      "  -4.36183695e-04 -7.38217805e-05  6.66563314e-04  2.25325506e-02\n",
      "   1.88531450e-02 -9.34676917e-04 -1.63963319e-04  2.59921823e-03]\n",
      " [-2.45155092e-02 -1.47787539e-05  8.41485813e-05  4.34803603e-04\n",
      "   1.40139806e-03 -2.80331016e-05 -7.94014488e-04  1.88531450e-02\n",
      "   3.47713821e-02  1.02680271e-03  1.04697632e-04 -1.96837091e-03]\n",
      " [-1.12958511e-02  1.86434079e-05  1.68214466e-04 -3.00485008e-03\n",
      "  -2.83820944e-04  1.60699400e-03 -7.98369658e-04 -9.34676917e-04\n",
      "   1.02680271e-03  9.44570441e-03  1.52900479e-04 -4.74148371e-04]\n",
      " [-6.85002901e-03  1.83179021e-05  1.11880419e-05  1.27699527e-03\n",
      "   2.17161567e-04  2.76078417e-04 -1.98643310e-04 -1.63963319e-04\n",
      "   1.04697632e-04  1.52900479e-04  4.09732721e-04  2.34486981e-04]\n",
      " [-5.91074925e-03 -3.14186859e-05  4.16768020e-05 -6.63736872e-04\n",
      "   5.54590347e-04 -1.87888818e-03 -2.13397549e-03  2.59921823e-03\n",
      "  -1.96837091e-03 -4.74148371e-04  2.34486981e-04  2.79336344e-02]] \n",
      " vse [[0.17972826 0.00133696 0.00270526 0.03732806 0.0294665  0.03126635\n",
      "  0.02987686 0.04943923 0.06141543 0.03200986 0.00666679 0.05504657]] \n",
      " tvalues [[32.54639774  3.66107644  1.06562976 -4.41475001  3.06457146 -1.84545617\n",
      "   5.42732051  2.11230174 -5.18130898  3.49817135  8.64897487 -3.4716713 ]]\n"
     ]
    }
   ],
   "execution_count": 10
  },
  {
   "metadata": {
    "ExecuteTime": {
     "end_time": "2025-02-14T17:40:43.567594Z",
     "start_time": "2025-02-14T17:40:43.530795Z"
    }
   },
   "cell_type": "code",
   "source": [
    "pooled_y = data[s_asY].to_numpy()\n",
    "pooled_X = np.column_stack((np.ones(len(pooled_y)), data[s_asX].to_numpy()))\n",
    "\n",
    "pooled_beta, pooled_inv_XtX, pooled_vse, pooled_t_values = ols_regression(pooled_y, pooled_X)\n",
    "\n",
    "# Summary Table\n",
    "table = pd.DataFrame()\n",
    "for year, (beta, t_values, vse) in zip(range(1976, 1983), results):\n",
    "# Flatten beta and t_values before assigning to DataFrame\n",
    "    table[f\"{year}_coef\"] = beta.flatten()\n",
    "    table[f\"{year}_t\"] = t_values.flatten()\n",
    "    table[f\"{year}_vse\"] = vse.flatten()\n",
    "\n",
    "table[\"pooled_coef\"] = pooled_beta.flatten()\n",
    "table[\"pooled_t\"] = pooled_t_values.flatten()\n",
    "table[\"pooled_vse\"] = pooled_vse.flatten()\n",
    "print(table)"
   ],
   "id": "53572a6120bce0b",
   "outputs": [
    {
     "name": "stdout",
     "output_type": "stream",
     "text": [
      "    1976_coef     1976_t  1976_vse  1977_coef     1977_t  1977_vse  1978_coef  \\\n",
      "0    5.203450  38.870806  0.133865   5.610636  40.650769  0.138020   5.707219   \n",
      "1    0.009852   8.697860  0.001133   0.007505   7.101535  0.001057   0.007903   \n",
      "2    0.005871   3.128423  0.001877   0.000680   0.313295  0.002170   0.000218   \n",
      "3   -0.126298  -4.140053  0.030506  -0.105053  -3.668061  0.028640  -0.161565   \n",
      "4    0.019959   0.797467  0.025028   0.017576   0.754662  0.023290   0.044222   \n",
      "5   -0.055850  -2.108388  0.026489  -0.059075  -2.378488  0.024837  -0.052972   \n",
      "6    0.180696   6.989768  0.025851   0.156086   6.405037  0.024369   0.150109   \n",
      "7    0.094362   2.058961  0.045830   0.070581   1.694390  0.041656   0.068852   \n",
      "8   -0.290383  -5.283173  0.054964  -0.345561  -6.826773  0.050618  -0.424978   \n",
      "9    0.120929   4.491945  0.026921   0.108929   4.245158  0.025659   0.063105   \n",
      "10   0.047538   8.605403  0.005524   0.046909   9.096544  0.005157   0.054045   \n",
